0.0000000 0.0000000 0.9797980
0.1191754 0.0000000 0.9797980
0.0000000 0.1191754 0.9797980

0.0000000 0.0000000 0.9797980
0.2383507 0.0000000 0.9797980
0.0000000 0.2383507 0.9797980

0.4767014 0.0000000 0.9797980
0.7150522 0.0000000 0.9797980
0.4767014 0.2383507 0.9797980

0.4767014 0.0000000 0.9797980
0.4767014 0.2383507 0.9797980
0.2383507 0.0000000 0.9797980

0.4767014 0.0000000 0.9797980
0.4767014 0.4767014 0.9797980
0.0000000 0.0000000 0.9797980

0.9534029 0.0000000 0.9797980
1.1917536 0.0000000 0.9797980
0.9534029 0.2383507 0.9797980

0.9534029 0.0000000 0.9797980
1.1917536 0.0000000 0.9696970
0.9534029 0.2383507 0.9797980

0.4767014 0.0000000 0.9797980
0.7150522 0.0000000 0.9797980
0.4767014 0.2383507 0.9797980

0.4767014 0.0000000 0.9797980
0.5839460 0.0530860 0.9842065
0.6111379 0.2037126 0.9741589

0.4767014 0.0000000 0.9797980
0.6294102 0.1135242 0.9821612
0.4479915 0.2134009 0.9752499

0.4767014 0.0000000 0.9797980
0.6541885 0.0955557 0.9816379
0.4010338 0.2241044 0.9781928

0.4767014 0.0000000 0.9797980
0.5728436 -0.1665072 0.9824025
0.5474943 0.1412318 0.9836606

