0.0000000 0.0000000 -50.0000000
5.0000000 0.0000000 -50.0000000
0.0000000 5.0000000 -50.0000000

0.0000000 0.0000000 -50.0000000
10.0000000 0.0000000 -50.0000000
0.0000000 10.0000000 -50.0000000

20.0000000 0.0000000 -50.0000000
30.0000000 0.0000000 -50.0000000
20.0000000 10.0000000 -50.0000000

20.0000000 0.0000000 -50.0000000
20.0000000 10.0000000 -50.0000000
10.0000000 0.0000000 -50.0000000

20.0000000 0.0000000 -50.0000000
20.0000000 20.0000000 -50.0000000
0.0000000 0.0000000 -50.0000000

40.0000000 0.0000000 -50.0000000
50.0000000 0.0000000 -50.0000000
40.0000000 10.0000000 -50.0000000

40.0000000 0.0000000 -50.0000000
40.0000000 0.0000000 -40.0000000
40.0000000 10.0000000 -50.0000000

20.0000000 0.0000000 -50.0000000
30.0000000 0.0000000 -50.0000000
20.0000000 10.0000000 -50.0000000

20.0000000 0.0000000 -50.0000000
27.5000000 2.5000000 -56.1237244
22.5000000 7.5000000 -43.8762756

20.0000000 0.0000000 -50.0000000
28.0473785 5.0587936 -53.1061722
16.8938278 8.0473785 -44.9412064

20.0000000 0.0000000 -50.0000000
28.7559502 4.2003109 -52.3855240
16.1824737 9.0430386 -48.0895169

20.0000000 0.0000000 -50.0000000
25.6896552 -7.4671580 -53.4451961
25.3981925 6.5517241 -55.2853031

