0.0000000 0.0000000 0.0000000
5.0000000 0.0000000 0.0000000
0.0000000 5.0000000 0.0000000

0.0000000 0.0000000 0.0000000
10.0000000 0.0000000 0.0000000
0.0000000 10.0000000 0.0000000

20.0000000 0.0000000 0.0000000
30.0000000 0.0000000 0.0000000
20.0000000 10.0000000 0.0000000

20.0000000 0.0000000 0.0000000
20.0000000 10.0000000 0.0000000
10.0000000 0.0000000 0.0000000

20.0000000 0.0000000 0.0000000
20.0000000 20.0000000 0.0000000
0.0000000 0.0000000 0.0000000

40.0000000 0.0000000 0.0000000
50.0000000 0.0000000 0.0000000
40.0000000 10.0000000 0.0000000

40.0000000 0.0000000 0.0000000
40.0000000 0.0000000 10.0000000
40.0000000 10.0000000 0.0000000

20.0000000 0.0000000 0.0000000
30.0000000 0.0000000 0.0000000
20.0000000 10.0000000 0.0000000

20.0000000 0.0000000 0.0000000
27.5000000 2.5000000 -6.1237244
22.5000000 7.5000000 6.1237244

20.0000000 0.0000000 0.0000000
28.0473785 5.0587936 -3.1061722
16.8938278 8.0473785 5.0587936

20.0000000 0.0000000 0.0000000
28.7559502 4.2003109 -2.3855240
16.1824737 9.0430386 1.9104831

20.0000000 0.0000000 0.0000000
25.6896552 -7.4671580 -3.4451961
25.3981925 6.5517241 -5.2853031

